19717536
19729088
19735648
19756352
19751648
19756608
19728000
19738032
19748080
19748976
19768896
19751184
19764688
19764688
19771632
19766768
19770976
19786752
19781840
19716224
19745888
19736080
19751056
19747120
19765056
19772000
19744032
19765664
19765872
19773104
19755296
19785840
19742624
19771280
19773328
19773536
19745008
19770736
19777760
19750112
19770912
19782896
19799536
19796976
19752640
19757600
19753520
19773104
19750352
19753600
19769472
19738816
19767488
19754016
19754048
19768016
19742544
19768192
19739520
19754496
19744544
19773200
19763616
19775600
19765792
19742976
19784432
19809200
19811040
19810896
19815856
19762816
19767024
19778192
19758304
19778176
19750528
19778160
19763456
19772560
19793184
19748896
19763664
19778416
19745872
19757984
19754192
19771936
19779168
19750640
19772272
19767296
19779136
19756528
19758848
19763840
19782480
19784672
19777600
19772704
19795488
19743280
19777552
19751984
19757312
19752480
19752464
19752752
19752816
19788272
19765664
19742992
19771664
19771440
19778528
19767824
19754096
19743392
19758400
19758320
19758528
19758512
19773200
19750256
19783088
19802960
19812992