Elixir
[
952,
906,
1078,
921,
921,
874,
874,
906,
921,
875,
874,
859,
906,
937,
890,
968,
874,
874,
874,
859,
874,
890,
843,
921,
874,
921,
874,
859,
859,
859,
859,
874,
890,
859,
874,
859,
874,
859,
874,
890,
906,
984,
984,
999,
984,
968,
906,
960,
968,
937,
952,
921,
984,
937,
968,
968,
968,
937,
937,
984,
912,
937,
953,
937,
953,
984,
921,
968,
968,
968,
937,
968,
984,
874,
953,
953,
953,
999,
921,
968,
984,
953,
953,
874,
937,
968,
937,
952,
953,
968,
953,
953,
953,
953,
953,
937,
952,
937
]

Python
[
171,
249,
156,
171,
156,
140,
156,
218,
187,
171,
140,
140,
343,
140,
156,
124,
140,
156,
187,
171,
156,
140,
140,
156,
140,
156,
156,
156,
156,
140,
171,
156,
171,
156,
156,
150,
171,
156,
140,
156,
171,
140,
140,
156,
234,
156,
156,
171,
156,
156,
156,
156,
156,
156,
156,
156,
171,
156,
156,
187,
156,
171,
156,
156,
140,
171,
171,
156,
156,
171,
156,
156,
156,
171,
156,
156,
156,
156,
156,
156,
156,
187,
164,
171,
249,
218,
203,
187,
218,
203,
156,
156,
171,
171
]